GENERAL
0 // 001 0001 +Z_face:MLI
8
-1.122934 1.023620 1.041400
-1.253744 0.323850 1.041400
-1.253744 -0.323850 1.041400
-1.122934 -1.023620 1.041400
1.122934 -1.023620 1.041400
1.253744 -0.323850 1.041400
1.253744 0.323850 1.041400
1.122934 1.023620 1.041400
0.000000 0.000000 0.000000 0.000000
GENERAL
1 // 001 0001 -Z_face:MLI
8
1.122934 1.023620 -0.762000
1.253744 0.323850 -0.762000
1.253744 -0.323850 -0.762000
1.122934 -1.023620 -0.762000
-1.122934 -1.023620 -0.762000
-1.253744 -0.323850 -0.762000
-1.253744 0.323850 -0.762000
-1.122934 1.023620 -0.762000
0.000000 0.000000 0.000000 0.000000
GENERAL
2 // 001 0001 -X_face:MLI
4
-1.253744 0.323850 -0.762000
-1.253744 -0.323850 -0.762000
-1.253744 -0.323850 1.041400
-1.253744 0.323850 1.041400
0.000000 0.000000 0.000000 0.000000
GENERAL
3 // 001 0001 +X_face:MLI
4
1.253744 0.323850 1.041400
1.253744 -0.323850 1.041400
1.253744 -0.323850 -0.762000
1.253744 0.323850 -0.762000
0.000000 0.000000 0.000000 0.000000
GENERAL
4 // 001 0001 +Y_face:MLI
4
-1.122934 1.023620 -0.762000
1.122934 1.023620 -0.762000
1.122934 1.023620 1.041400
-1.122934 1.023620 1.041400
0.000000 0.000000 0.000000 0.000000
GENERAL
5 // 001 0001 -Y_face:MLI
4
-1.122934 -1.023620 -0.762000
1.122934 -1.023620 -0.762000
1.122934 -1.023620 1.041400
-1.122934 -1.023620 1.041400
0.000000 0.000000 0.000000 0.000000
GENERAL
6 // 001 0001 -XA_face:MLI
4
-1.253744 -0.323850 -0.762000
-1.122934 -1.023620 -0.762000
-1.122934 -1.023620 1.041400
-1.253744 -0.323850 1.041400
0.000000 0.000000 0.000000 0.000000
GENERAL
7 // 001 0001 -XB_face:MLI
4
-1.122934 1.023620 -0.762000
-1.253744 0.323850 -0.762000
-1.253744 0.323850 1.041400
-1.122934 1.023620 1.041400
0.000000 0.000000 0.000000 0.000000
GENERAL
8 // 001 0001 +XA_face:MLI
4
1.122934 1.023620 1.041400
1.253744 0.323850 1.041400
1.253744 0.323850 -0.762000
1.122934 1.023620 -0.762000
0.000000 0.000000 0.000000 0.000000
GENERAL
9 // 001 0001 +XB_face:MLI
4
1.253744 -0.323850 1.041400
1.122934 -1.023620 1.041400
1.122934 -1.023620 -0.762000
1.253744 -0.323850 -0.762000
0.000000 0.000000 0.000000 0.000000
GENERAL
14 // 000 001 IA:box1
4
0.06985 -0.781843062 1.4732
0.06985 -0.781843062 1.0668
0.71755 -0.781843062 1.0668
0.71755 -0.781843062 1.4732
0.000000 0.000000 0.000000 0.000000
GENERAL
15 // 000 001 IA:box2
4
-0.388143062 -0.32385 1.4732
-0.388143062 -0.32385 1.0668
0.06985 -0.781843062 1.0668
0.06985 -0.781843062 1.4732
0.000000 0.000000 0.000000 0.000000
GENERAL
16 // 000 001 IA:box3
4
0.71755 -0.781843062 1.4732
0.71755 -0.781843062 1.0668
1.175543062 -0.32385 1.0668
1.175543062 -0.32385 1.4732
0.000000 0.000000 0.000000 0.000000
GENERAL
16 // 000 001 IA:box4
4
1.175543062 -0.32385 1.4732
1.175543062 -0.32385 1.0668
1.175543062 0.32385 1.0668
1.175543062 0.32385 1.4732
0.000000 0.000000 0.000000 0.000000
GENERAL
17 // 000 001 IA:box5
4
1.175543062 0.32385 1.4732
1.175543062 0.32385 1.0668
0.71755 0.781843062 1.0668
0.71755 0.781843062 1.4732
0.000000 0.000000 0.000000 0.000000
GENERAL
18 // 000 001 IA:box6
4
0.71755 0.781843062 1.4732
0.71755 0.781843062 1.0668
0.06985 0.781843062 1.0668
0.06985 0.781843062 1.4732
0.000000 0.000000 0.000000 0.000000
GENERAL
19 // 000 001 IA:box7
4
0.06985 0.781843062 1.4732
0.06985 0.781843062 1.0668
-0.388143062 0.32385 1.0668
-0.388143062 0.32385 1.4732
0.000000 0.000000 0.000000 0.000000
GENERAL
20 // 000 001 IA:box8
4
-0.388143062 0.32385 1.4732
-0.388143062 0.32385 1.0668
-0.388143062 -0.32385 1.0668
-0.388143062 -0.32385 1.4732
0.000000 0.000000 0.000000 0.000000
GENERAL
20 // 000 001 IA:box9
8
0.06985 0.781843062 1.4732
-0.388143062 0.32385 1.4732
-0.388143062 -0.32385 1.4732
0.06985 -0.781843062 1.4732
0.71755 -0.781843062 1.4732
1.175543062 -0.32385 1.4732
1.175543062 0.32385 1.4732
0.71755 0.781843062 1.4732
0.000000 0.000000 0.000000 0.000000
CYL_X
21 // 000 001 IA:spike1
0.038100  
-0.044450 0.000000 1.473200
-0.044450 0.000000 1.631950
0.000000 0.000000 0.000000 0.000000
CYL_X
22 // 000 001 IA:spike2
0.038100  
0.825500 0.000000 1.473200
0.825500 0.000000 1.631950
0.000000 0.000000 0.000000 0.000000
CYL_X
23 // 000 001 IA:spike3
0.038100  
0.393700 -0.438150 1.473200
0.393700 -0.438150 1.631950
0.000000 0.000000 0.000000 0.000000
CYL_X
24 // 000 001 IA:spike4
0.038100  
0.393700 0.438150 1.473200
0.393700 0.438150 1.631950
0.000000 0.000000 0.000000 0.000000
CYL_X
25 // 000 001 IA:spike5
0.038100  
0.088900 -0.304800 1.473200
0.088900 -0.304800 1.631950
0.000000 0.000000 0.000000 0.000000
CYL_X
26 // 000 001 IA:spike6
0.038100  
0.698500 -0.304800 1.473200
0.698500 -0.304800 1.631950
0.000000 0.000000 0.000000 0.000000
CYL_X
27 // 000 001 IA:spike7
0.038100  
0.698500 0.304800 1.473200
0.698500 0.304800 1.631950
0.000000 0.000000 0.000000 0.000000
CYL_X
28 // 000 001 IA:spike8
0.038100  
0.088900 0.304800 1.473200
0.088900 0.304800 1.631950
0.000000 0.000000 0.000000 0.000000
CYL_X
29 // 000 001 IA:spike9
0.038100  
0.254000 0.057150 1.473200
0.254000 0.057150 1.631950
0.000000 0.000000 0.000000 0.000000
CYL_X
30 // 000 001 IA:spike10
0.038100  
0.336550 -0.139700 1.473200
0.336550 -0.139700 1.631950
0.000000 0.000000 0.000000 0.000000
CYL_X
31 // 000 001 IA:spike11
0.038100  
0.533400 -0.057150 1.473200
0.533400 -0.057150 1.631950
0.000000 0.000000 0.000000 0.000000
CYL_X
32 // 000 001 IA:spike12
0.038100  
0.450850 0.139700 1.473200
0.450850 0.139700 1.631950
0.000000 0.000000 0.000000 0.000000
TCONEO
33 // 000 001 IA:spike1
0.292100  
0.038100  
0.139700  
-0.044450 0.000000 1.631950
-0.044450 0.000000 1.924050
0.000000 0.000000 0.000000 0.000000
0.650000 0.500000
TCONEO
34 // 000 001 IA:spike2
0.292100  
0.038100  
0.139700
0.825500 0.000000 1.631950
0.825500 0.000000 1.924050
0.000000 0.000000 0.000000 0.000000
TCONEO
35 // 000 001 IA:spike3
0.292100  
0.038100  
0.139700
0.393700 -0.438150 1.631950
0.3937 -0.43815 1.92405
0.000000 0.000000 0.000000 0.000000
TCONEO
36 // 000 001 IA:spike4
0.292100  
0.038100  
0.139700
0.3937 0.43815 1.63195
0.3937 0.43815 1.92405
0.000000 0.000000 0.000000 0.000000
TCONEO
37 // 000 001 IA:spike5
0.292100  
0.038100  
0.139700
0.0889 -0.3048 1.63195
0.0889 -0.3048 1.92405
0.000000 0.000000 0.000000 0.000000
TCONEO
38 // 000 001 IA:spike6
0.292100  
0.038100  
0.139700
0.6985 -0.3048 1.63195
0.6985 -0.3048 1.92405
0.000000 0.000000 0.000000 0.000000
TCONEO
39 // 000 001 IA:spike7
0.292100  
0.038100  
0.139700
0.6985 0.3048 1.63195
0.6985 0.3048 1.92405
0.000000 0.000000 0.000000 0.000000
TCONEO
40 // 000 001 IA:spike8
0.292100  
0.038100  
0.139700
0.0889 0.3048 1.63195
0.0889 0.3048 1.92405
0.000000 0.000000 0.000000 0.000000
TCONEO
41 // 000 001 IA:spike9
0.292100  
0.038100  
0.139700
0.254 0.05715 1.63195
0.254 0.05715 1.92405
0.000000 0.000000 0.000000 0.000000
TCONEO
42 // 000 001 IA:spike10
0.292100  
0.038100  
0.139700
0.33655 -0.1397 1.63195
0.33655 -0.1397 1.92405
0.000000 0.000000 0.000000 0.000000
TCONEO
43 // 000 001 IA:spike11
0.292100  
0.038100  
0.139700
0.5334 -0.05715 1.63195
0.5334 -0.05715 1.92405
0.000000 0.000000 0.000000 0.000000
TCONEO
44 // 000 001 IA:spike12
0.292100  
0.038100  
0.139700
0.45085 0.1397 1.63195
0.45085 0.1397 1.92405
0.000000 0.000000 0.000000 0.000000
CIRCLE
45 // 000 001 IA:spike1
0.019878 
-0.044450 0.000000 1.771650
-0.044450 0.019878 1.771650
-0.064328 0.000000 1.771650
0.000000 0.000000 0.000000 0.000000
CIRCLE
46 // 000 001 IA:spike2
0.019878 
0.825500 0.000000 1.771650
0.825500 0.019878 1.771650
0.805622 0.000000 1.771650
0.000000 0.000000 0.000000 0.000000
CIRCLE
47 // 000 001 IA:spike3
0.019878 
0.393700 -0.438150 1.771650
0.393700 -0.418272 1.771650
0.373822 -0.438150 1.771650
0.000000 0.000000 0.000000 0.000000
CIRCLE
48 // 000 001 IA:spike4
0.019878 
0.393700 0.438150 1.771650
0.393700 0.458028 1.771650
0.373822 0.438150 1.771650
0.000000 0.000000 0.000000 0.000000
CIRCLE
49 // 000 001 IA:spike5
0.019878 
0.088900 -0.304800 1.771650
0.088900 -0.284922 1.771650
0.069022 -0.304800 1.771650
0.000000 0.000000 0.000000 0.000000
CIRCLE
50 // 000 001 IA:spike6
0.019878 
0.698500 -0.304800 1.771650
0.698500 -0.284922 1.771650
0.678622 -0.304800 1.771650
0.000000 0.000000 0.000000 0.000000
CIRCLE
51 // 000 001 IA:spike7
0.019878 
0.698500 0.304800 1.771650
0.698500 0.324678 1.771650
0.678622 0.304800 1.771650
0.000000 0.000000 0.000000 0.000000
CIRCLE
52 // 000 001 IA:spike8
0.019878 
0.088900 0.304800 1.771650
0.088900 0.324678 1.771650
0.069022 0.304800 1.771650
0.000000 0.000000 0.000000 0.000000
CIRCLE
53 // 000 001 IA:spike9
0.019878 
0.254000 0.057150 1.771650
0.254000 0.077028 1.771650
0.234122 0.057150 1.771650
0.000000 0.000000 0.000000 0.000000
CIRCLE
53 // 000 001 IA:spike10
0.019878 
0.336550 -0.139700 1.771650
0.336550 -0.119822 1.771650
0.316672 -0.139700 1.771650
0.000000 0.000000 0.000000 0.000000
CIRCLE
54 // 000 001 IA:spike11
0.019878 
0.533400 -0.057150 1.771650
0.533400 -0.037272 1.771650
0.513522 -0.057150 1.771650
0.000000 0.000000 0.000000 0.000000
CIRCLE
55 // 000 001 IA:spike12
0.019878 
0.450850 0.139700 1.771650
0.450850 0.159578 1.771650
0.430972 0.139700 1.771650
0.000000 0.000000 0.000000 0.000000
CYL_X
56 // 001 001 IB_1
0.031750  
1.035050 0.886460 1.066800
1.035050 0.886460 1.244600
0.000000 0.000000 0.000000 0.000000
CYL_X
57 // 001 001 IB_2
0.050800  
1.035050 0.886460 1.244600
1.035050 0.886460 1.320800
0.000000 0.000000 0.000000 0.000000
TCONEO
58 // 001 001 IB_3
0.419100  
0.076200  
0.139700  
1.035050 0.886460 1.460500
1.035050 0.886460 1.041400
0.000000 0.000000 0.000000 0.000000
CIRCLE
59 // 000 001 IB_4
0.076200  
1.035050 0.886460 1.460500
1.035050 0.962660 1.460500
0.958850 0.886460 1.460500
0.000000 0.000000 0.000000 0.000000
CYL_X
60 // 000 001 IB_5
0.025400  
1.035050 0.886460 1.460500
1.035050 0.886460 1.612900
0.000000 0.000000 0.000000 0.000000
TCONEO
61 // 000 001 IB_6
0.152400  
0.025400  
0.076200  
1.035050 0.886460 1.612900
1.035050 0.886460 1.765300
0.000000 0.000000 0.000000 0.000000
CIRCLE 
62 // 000 001 IB_7
0.006350  
1.035050 0.886460 1.689100
1.035050 0.892810 1.689100
1.028700 0.886460 1.689100
0.000000 0.000000 0.000000 0.000000
TCONEO
63 // 000 001 IC:baseo
0.446314  
0.260350  
0.228600  
-0.508000 0.748792 1.270000
-0.508000 0.748792 0.823686
0.000000 0.000000 0.000000 0.000000
CYL_X
64 // 000 001 IC:top
0.260350  
-0.508000 0.748792 1.270000
-0.508000 0.748792 1.573530
0.000000 0.000000 0.000000 0.000000
TCONEI
65 // 000 001 IC:basei
0.446314  
0.260350  
0.228600  
-0.508000 0.748792 1.270001
-0.508000 0.748792 0.823687
0.000000 0.000000 0.000000 0.000000
CIRCLE
66 // 000 001 IC:base
0.127000  
-0.508000 0.748792 1.041401
-0.508000 0.875792 1.041401
-0.635000 0.748792 1.041401
0.000000 0.000000 0.000000 0.000000
GENERAL
67 // 001 001 ID 
4
-1.092200 0.849630 1.041400
-0.850900 0.849630 1.041400
-0.850900 0.849630 1.346200
-1.092200 0.849630 1.346200
0.000000 0.000000 0.000000 0.000000
GENERAL
68 // 001 001 ID
4
-0.850900 0.849630 1.041400
-0.850900 1.027430 1.041400
-0.850900 1.027430 1.346200
-0.850900 0.849630 1.346200
0.000000 0.000000 0.000000 0.000000
GENERAL
69 // 000 001 ID
4
-0.850900 1.027430 1.041400
-1.092200 1.027430 1.041400
-1.092200 1.027430 1.346200
-0.850900 1.027430 1.346200
0.000000 0.000000 0.000000 0.000000
GENERAL
70 // 001 001 ID
4
-1.092200 1.027430 1.041400
-1.092200 0.849630 1.041400
-1.092200 0.849630 1.346200
-1.092200 1.027430 1.346200
0.000000 0.000000 0.000000 0.000000
GENERAL
71 // 001 001 ID
4
-1.092200 0.849630 1.346200
-0.850900 0.849630 1.346200
-0.850900 0.849630 1.397000
-1.092200 0.849630 1.397000
0.000000 0.000000 0.000000 0.000000
GENERAL
72 // 001 001 ID
4
-0.850900 0.849630 1.346200
-0.850900 1.027430 1.346200
-0.850900 1.027430 1.397000
-0.850900 0.849630 1.397000
0.000000 0.000000 0.000000 0.000000
GENERAL
73 // 001 001 ID
4
-0.850900 1.027430 1.346200
-1.092200 1.027430 1.346200
-1.092200 1.027430 1.397000
-0.850900 1.027430 1.397000
0.000000 0.000000 0.000000 0.000000
GENERAL
74 // 001 001 ID
4
-1.092200 1.027430 1.346200
-1.092200 0.849630 1.346200
-1.092200 0.849630 1.397000
-1.092200 1.027430 1.397000
0.000000 0.000000 0.000000 0.000000
GENERAL
75 // 001 001 ID
4
-1.092200 0.849630 1.397000
-0.850900 0.849630 1.397000
-0.850900 1.027430 1.397000
-1.092200 1.027430 1.397000
0.000000 0.000000 0.000000 0.000000
CYL_X
76 // 000 001 IE
0.215900  
-0.946150 0.596900 1.041400
-0.946150 0.596900 1.206500
0.000000 0.000000 0.000000 0.000000
TCONEO
77 // 000 001 IE
0.092528  
0.215900  
0.038100  
-0.946150 0.596900 1.206500
-0.946150 0.596900 1.299028
0.000000 0.000000 0.000000 0.000000
CIRCLE
78 // 000 001 IE
0.127000  
-0.946150 0.596900 1.244600
-0.946150 0.723900 1.244600
-1.073150 0.596900 1.244600
0.000000 0.000000 0.000000 0.000000
GENERAL
79 // 000 001 IF:base
4
-1.17729 -0.1905 1.0414
-0.64389 -0.1905 1.0414
-0.64389 -0.1905 1.4224
-1.17729 -0.1905 1.4224
0.000000 0.000000 0.000000 0.000000
GENERAL
80 // 000 001 IF:base
4
-0.64389 -0.1905 1.0414
-0.64389 0.3429 1.0414
-0.64389 0.3429 1.4224
-0.64389 -0.1905 1.4224
0.000000 0.000000 0.000000 0.000000
GENERAL
81 // 000 001 IF:base
4
-0.64389 0.3429 1.0414
-1.17729 0.3429 1.0414
-1.17729 0.3429 1.4224
-0.64389 0.3429 1.4224
0.000000 0.000000 0.000000 0.000000
GENERAL
82 // 000 001 IF:base
4
-1.17729 0.3429 1.0414
-1.17729 -0.1905 1.0414
-1.17729 -0.1905 1.4224
-1.17729 0.3429 1.4224
0.000000 0.000000 0.000000 0.000000
GENERAL
83 // 000 001 IF:base
4
-1.17729 0.3429 1.4224
-1.17729 -0.1905 1.4224
-0.64389 -0.1905 1.4224
-0.64389 0.3429 1.4224
0.000000 0.000000 0.000000 0.000000
CYL_X
84 // 000 001 IF:spike1
0.0381  
-1.03759 0.2032 1.4224
-1.03759 0.2032 1.6383
0.000000 0.000000 0.000000 0.000000
CYL_X
85 // 000 001 IF:spike2
0.0381  
-1.03759 -0.0508 1.4224
-1.03759 -0.0508 1.6383
0.000000 0.000000 0.000000 0.000000
CYL_X
86 // 000 001 IF:spike3
0.0381  
-0.78359 0.2032 1.4224
-0.78359 0.2032 1.6383
0.000000 0.000000 0.000000 0.000000
CYL_X
87 // 000 001 IF:spike4
0.0381  
-0.78359 -0.0508 1.4224
-0.78359 -0.0508 1.6383
0.000000 0.000000 0.000000 0.000000
TCONEO
88 // 000 001 IF:spike1
0.381000  
0.038100  
0.127000  
-1.037590 0.203200 1.638300
-1.037590 0.203200 2.019300
0.000000 0.000000 0.000000 0.000000
TCONEO
89 // 000 001 IF:spike2
0.381000  
0.038100  
0.127000  
-1.037590 -0.050800 1.638300
-1.037590 -0.050800 2.019300
0.000000 0.000000 0.000000 0.000000
TCONEO
90 // 000 001 IF:spike3
0.381000  
0.038100  
0.127000  
-0.783590 0.203200 1.638300
-0.783590 0.203200 2.019300
0.000000 0.000000 0.000000 0.000000
TCONEO
91 // 000 001 IF:spike4
0.381000  
0.038100  
0.127000  
-0.783590 -0.050800 1.638300
-0.783590 -0.050800 2.019300
0.000000 0.000000 0.000000 0.000000
CIRCLE
92 // 000 001 IF:spike1
0.025400  
-1.037590 0.203200 1.765300
-1.037590 0.228600 1.765300
-1.062990 0.203200 1.765300
0.000000 0.000000 0.000000 0.000000
CIRCLE
93 // 000 001 IF:spike2
0.025400  
-1.037590 -0.050800 1.765300
-1.037590 -0.025400 1.765300
-1.062990 -0.050800 1.765300
0.000000 0.000000 0.000000 0.000000
CIRCLE
94 // 000 001 IF:spike3
0.025400  
-0.783590 0.203200 1.765300
-0.783590 0.228600 1.765300
-0.808990 0.203200 1.765300
0.000000 0.000000 0.000000 0.000000
CIRCLE
95 // 000 001 IF:spike4
0.025400  
-0.783590 -0.050800 1.765300
-0.783590 -0.025400 1.765300
-0.808990 -0.050800 1.765300
0.000000 0.000000 0.000000 0.000000
CYL_X
96 // 000 001 IG_1
0.038100  
-0.515620 -0.247650 1.041400
-0.515620 -0.247650 2.406142
0.000000 0.000000 0.000000 0.000000
CYL_X
97 // 000 001 IG_2
0.050800  
-0.515620 -0.247650 2.406142
-0.515620 -0.247650 2.520442
0.000000 0.000000 0.000000 0.000000
TCONEO
98 // 000 001 IG_3
0.174171  
0.050800  
0.152400  
-0.515620 -0.247650 2.520442
-0.515620 -0.247650 2.694613
0.000000 0.000000 0.000000 0.000000
CIRCLE
99 // 000 001 IG_4
0.050800  
-0.515620 -0.247650 2.406142
-0.566420 -0.247650 2.406142
-0.515620 -0.196850 2.406142
0.000000 0.000000 0.000000 0.000000
CIRCLE
100 // 000 001 IG_5
0.006350  
-0.515620 -0.247650 2.672842
-0.515620 -0.241300 2.672842
-0.521970 -0.247650 2.672842
0.000000 0.000000 0.000000 0.000000
TCONEO
101 // 000 001 IH_1
0.637286  
0.292100  
0.304800  
-2.579116 0.861314 1.409700
-2.579116 0.861314 0.772389
0.000000 0.000000 0.000000 0.000000
TCONEO
102 // 000 001 IH_2
0.475996  
0.292100  
0.279400  
-2.579116 0.861314 1.409700
-2.579116 0.861314 1.885696
0.000000 0.000000 0.000000 0.000000
CYL_X
103 // 000 001 IH_3
0.120650  
-2.579116 0.861314 1.689100
-2.579116 0.861314 2.171700
0.000000 0.000000 0.000000 0.000000
TCONEO
104 // 000 001 IH_4
0.642620  
0.120650  
0.304800  
-2.579116 0.861314 2.171700
-2.579116 0.861314 2.814320
0.000000 0.000000 0.000000 0.000000
CIRCLE
105 // 000 001 IH_5
0.063500  
-2.579116 0.861314 2.476500
-2.579116 0.924814 2.476500
-2.642616 0.861314 2.476500
0.000000 0.000000 0.000000 0.000000
CYL_X
106 // 000 001 II_1
0.152400   
-2.579116 0.861314 1.041400 
-2.579116 0.861314 1.104900 
0.000000 0.000000 0.000000 0.000000
CYL_X
107 // 000 001 II_2
0.031750   
-1.089660 0.781050 1.073150 
-1.280160 1.225550 1.073150 
0.000000 0.000000 0.000000 0.000000
CYL_X
108 // 000 001 II_3
0.031750   
-1.24841 1.225550 1.073150 
-2.38354 1.235964 1.073150 
0.000000 0.000000 0.000000 0.000000
CYL_X
109 // 000 001 II_4
0.031750   
-2.351786 1.235964 1.073150 
-2.580386 0.861314 1.073150 
0.000000 0.000000 0.000000 0.000000
CIRCLE
110 // 000 001 II_5
0.03175   
-1.24841 1.22555 1.07315 
-1.24841 1.2573 1.07315 
-1.24841 1.22555 1.0414 
0.000000 0.000000 0.000000 0.000000
CIRCLE
111 // 000 001 II_5
0.03175   
-2.383536 1.235964 1.07315 
-2.383536 1.235964 1.0414 
-2.383536 1.267714 1.07315 
0.000000 0.000000 0.000000 0.000000
GENERAL
112 // 000 0001 botrec1a
4
-1.16967127 1.023620 -1.077000
-0.52298473 1.023620 -1.077000
-0.52298473 0.56769 -1.077000
-1.16967127 0.56769 -1.077000
0.000000 0.000000 0.000000 0.000000
GENERAL
113 // 000 0001 botrec1b
4
-1.16967127 1.023620 -0.762000
-0.52298473 1.023620 -0.762000
-0.52298473 1.023620 -1.077000
-1.16967127 1.023620 -1.077000
0.000000 0.000000 0.000000 0.000000
GENERAL
114 // 000 0001 botrec1c
4
-1.16967127 0.56769 -1.077000
-0.52298473 0.56769 -1.077000
-0.52298473 0.56769 -0.762000
-1.16967127 0.56769 -0.762000
0.000000 0.000000 0.000000 0.000000
GENERAL
115 // 000 0001 botrec1d
4
-1.16967127 1.023620 -1.077000
-1.16967127 0.56769 -1.077000
-1.16967127 0.56769 -0.762000
-1.16967127 1.023620 -0.762000
0.000000 0.000000 0.000000 0.000000
GENERAL
116 // 000 0001 botrec1e
4
-0.52298473 1.023620 -0.762000
-0.52298473 0.56769 -0.762000
-0.52298473 0.56769 -1.077000
-0.52298473 1.023620 -1.077000
0.000000 0.000000 0.000000 0.000000
GENERAL
117 // 000 0001 botrec2a
4
-1.16967127 -0.56769 -1.077000
-0.52298473 -0.56769 -1.077000
-0.52298473 -1.023620 -1.077000
-1.16967127 -1.023620 -1.077000
0.000000 0.000000 0.000000 0.000000
GENERAL
118 // 000 0001 botrec2b
4
-1.16967127 -1.023620 -1.077000
-0.52298473 -1.023620 -1.077000
-0.52298473 -1.023620 -0.762000
-1.16967127 -1.023620 -0.762000
0.000000 0.000000 0.000000 0.000000
GENERAL
119 // 000 0001 botrec2c
4
-1.16967127 -0.56769 -0.762000
-0.52298473 -0.56769 -0.762000
-0.52298473 -0.56769 -1.077000
-1.16967127 -0.56769 -1.077000
0.000000 0.000000 0.000000 0.000000
GENERAL
120 // 000 0001 botrec2d
4
-1.16967127 -1.023620 -0.762000
-1.16967127 -0.56769 -0.762000
-1.16967127 -0.56769 -1.077000
-1.16967127 -1.023620 -1.077000
0.000000 0.000000 0.000000 0.000000
GENERAL
121 // 000 0001 botrec2e
4
-0.52298473 -1.023620 -1.077000
-0.52298473 -0.56769 -1.077000
-0.52298473 -0.56769 -0.762000
-0.52298473 -1.023620 -0.762000
0.000000 0.000000 0.000000 0.000000
GENERAL
122 // 000 0001 botrec3a
4
1.16967127 -1.023620 -1.077000
0.52298473 -1.023620 -1.077000
0.52298473 -0.56769 -1.077000
1.16967127 -0.56769 -1.077000
0.000000 0.000000 0.000000 0.000000
GENERAL
123 // 000 0001 botrec3b
4
1.16967127 -1.023620 -0.762000
0.52298473 -1.023620 -0.762000
0.52298473 -1.023620 -1.077000
1.16967127 -1.023620 -1.077000
0.000000 0.000000 0.000000 0.000000
GENERAL
124 // 000 0001 botrec3c
4
1.16967127 -0.56769 -1.077000
0.52298473 -0.56769 -1.077000
0.52298473 -0.56769 -0.762000
1.16967127 -0.56769 -0.762000
0.000000 0.000000 0.000000 0.000000
GENERAL
125 // 000 0001 botrec3d
4
1.16967127 -1.023620 -1.077000
1.16967127 -0.56769 -1.077000
1.16967127 -0.56769 -0.762000
1.16967127 -1.023620 -0.762000
0.000000 0.000000 0.000000 0.000000
GENERAL
126 // 000 0001 botrec3e
4
0.52298473 -1.023620 -0.762000
0.52298473 -0.56769 -0.762000
0.52298473 -0.56769 -1.077000
0.52298473 -1.023620 -1.077000
0.000000 0.000000 0.000000 0.000000
GENERAL
127 // 000 0001 botrec4a
4
1.16967127 0.56769 -1.077000
0.52298473 0.56769 -1.077000
0.52298473 1.023620 -1.077000
1.16967127 1.023620 -1.077000
0.000000 0.000000 0.000000 0.000000
GENERAL
128 // 000 0001 botrec4b
4
1.16967127 1.023620 -1.077000
0.52298473 1.023620 -1.077000
0.52298473 1.023620 -0.762000
1.16967127 1.023620 -0.762000
0.000000 0.000000 0.000000 0.000000
GENERAL
129 // 000 0001 botrec4c
4
1.16967127 0.56769 -0.762000
0.52298473 0.56769 -0.762000
0.52298473 0.56769 -1.077000
1.16967127 0.56769 -1.077000
0.000000 0.000000 0.000000 0.000000
GENERAL
130 // 000 0001 botrec4d
4
1.16967127 1.023620 -0.762000
1.16967127 0.56769 -0.762000
1.16967127 0.56769 -1.077000
1.16967127 1.023620 -1.077000
0.000000 0.000000 0.000000 0.000000
GENERAL
131 // 000 0001 botrec4e
4
0.52298473 1.023620 -1.077000
0.52298473 0.56769 -1.077000
0.52298473 0.56769 -0.762000
0.52298473 1.023620 -0.762000
0.000000 0.000000 0.000000 0.000000
GENERAL
132 // 000 0001 radiatorpanel1
4
-1.122935 1.023620 -0.762000
-1.253745 0.323850 -0.762000
-1.253745 0.323850 0.139700
-1.122935 1.023620 0.139700
0.000000 0.000000 0.000000 0.000000
GENERAL
133 // 000 0001 radiatorpanel2
4
-1.2210416 -0.4987925 0.4125771599
-1.1556366 -0.8486775 0.4125771599
-1.1556366 -0.8486775 0.7685228401
-1.2210416 -0.4987925 0.7685228401
0.000000 0.000000 0.000000 0.000000
GENERAL
133 // 000 0001 radiatorpanel3
4
-1.2210416 -0.4987925 -0.4891228401
-1.1556366 -0.8486775 -0.4891228401
-1.1556366 -0.8486775 -0.1331771599
-1.2210416 -0.4987925 -0.1331771599
0.000000 0.000000 0.000000 0.000000
GENERAL
134 // 000 0001 radiatorpanel4
4
-1.112934 -1.02363 0.139700
1.112934 -1.02363 0.139700
1.112934 -1.02363 1.031400
-1.112934 -1.02363 1.031400
0.000000 0.000000 0.000000 0.000000
GENERAL
135 // 000 0001 radiatorpanel5
4
1.112934 -1.02363 0.139700
0.52298473 -1.02363 0.139700
0.52298473 -1.02363 -0.752
1.112934 -1.02363 -0.752
0.000000 0.000000 0.000000 0.000000
GENERAL
136 // 000 0001 mirrorpanel1
4
-0.846328 -1.02363 -0.4891228401
-0.19964146 -1.02363 -0.4891228401
-0.19964146 -1.02363 -0.1331771599
-0.846328 -1.02363 -0.1331771599
0.000000 0.000000 0.000000 0.000000
